connectionList=[ %1 8 -1 -1 -1 -1 ;
 2 6 5 -1 -1 -1 ;
 0 6 8 -1 -1 -1 ;
 1 2 -1 -1 -1 -1 ;
 2 4 -1 -1 -1 -1 ;
 2 1 -1 -1 -1 -1 ;
 0 3 -1 -1 -1 -1 ;
 2 1 5 -1 -1 -1 ;
 1 2 -1 -1 -1 -1 ;
 0 6 8 -1 -1 -1 ;
 2 4 3 -1 -1 -1 ;
 1 6 4 -1 -1 -1 ;
 0 1 8 -1 -1 -1 ;
 2 6 -1 -1 -1 -1 ;
 0 1 -1 -1 -1 -1 ;
 1 2 -1 -1 -1 -1 ;
 2 3 4 -1 -1 -1 ;
 0 2 -1 -1 -1 -1 ;
 1 2 -1 -1 -1 -1 ;
 1 0 -1 -1 -1 -1 ;
 2 9 4 0 -1 -1 ;
 0 4 2 -1 -1 -1 ;
 1 6 2 9 4 -1 ;
 0 3 2 -1 -1 -1 ;
 1 5 -1 -1 -1 -1 ;
 0 1 7 -1 -1 -1 ;
 2 4 5 -1 -1 -1 ;
 2 8 -1 -1 -1 -1 ;
 1 2 6 -1 -1 -1 ;
 2 4 -1 -1 -1 -1 ;
 1 6 -1 -1 -1 -1 ;
 1 7 -1 -1 -1 -1 ;
 0 2 -1 -1 -1 -1 ;
 0 3 2 -1 -1 -1 ;
 0 2 -1 -1 -1 -1 ;
 0 6 7 -1 -1 -1 ;
 1 7 8 -1 -1 -1 ;
 0 3 2 1 7 -1 ;
 0 1 6 7 -1 -1 ;
 2 9 -1 -1 -1 -1 ;
 2 3 6 -1 -1 -1 ;
 0 2 -1 -1 -1 -1 ;
 1 4 -1 -1 -1 -1 ;
 2 8 6 -1 -1 -1 ;
 1 0 3 -1 -1 -1 ;
 0 5 7 -1 -1 -1 ;
 1 2 3 -1 -1 -1 ;
 2 3 -1 -1 -1 -1 ;
 2 3 0 -1 -1 -1 ;
 0 5 7 -1 -1 -1 ;
 2 8 -1 -1 -1 -1 ;
 1 8 -1 -1 -1 -1 ;
 0 5 1 7 -1 -1 ;
 0 3 -1 -1 -1 -1 ;
 2 1 -1 -1 -1 -1 ;
 1 2 -1 -1 -1 -1 ;
 0 5 7 -1 -1 -1 ;
 0 6 7 -1 -1 -1 ;
 2 3 -1 -1 -1 -1 ;
 0 5 7 -1 -1 -1 ;
 2 8 7 -1 -1 -1 ;
 1 5 -1 -1 -1 -1 ;
 0 4 -1 -1 -1 -1 ;
 ];